10726
/tmpVisionPJ/train_edges/10726.dat
0
6 2
107 34
107 171
60 12
55 164
53 50
60 82

10657
/tmpVisionPJ/train_edges/10657.dat
0
6 2
94 37
96 168
59 2
41 167
44 42
49 83

10240
/tmpVisionPJ/train_edges/10240.dat
0
6 2
122 60
125 193
84 26
73 195
66 44
70 111

10728
/tmpVisionPJ/train_edges/10728.dat
0
6 2
107 37
110 168
49 14
68 174
51 53
65 81

10771
/tmpVisionPJ/train_edges/10771.dat
0
6 2
71 41
72 165
52 11
27 154
35 36
42 86

10024
/tmpVisionPJ/train_edges/10024.dat
0
6 2
89 40
88 176
66 8
33 155
46 33
49 96

10252
/tmpVisionPJ/train_edges/10252.dat
0
6 2
93 36
94 170
45 13
36 171
36 52
45 79

10220
/tmpVisionPJ/train_edges/10220.dat
0
6 2
105 34
106 162
81 8
55 146
65 45
67 74

10092
/tmpVisionPJ/train_edges/10092.dat
0
6 2
80 40
86 173
44 7
34 158
29 39
39 93

10534
/tmpVisionPJ/train_edges/10534.dat
0
6 2
88 31
101 156
27 8
38 167
32 64
39 77

10155
/tmpVisionPJ/train_edges/10155.dat
0
6 2
88 43
85 180
68 9
35 164
46 36
49 92

10633
/tmpVisionPJ/train_edges/10633.dat
0
6 2
88 36
89 170
62 13
43 163
50 54
53 93

10526
/tmpVisionPJ/train_edges/10526.dat
0
6 2
92 42
94 165
56 7
44 165
45 32
47 89

10689
/tmpVisionPJ/train_edges/10689.dat
0
6 2
94 35
96 169
66 6
41 148
50 33
54 88

10796
/tmpVisionPJ/train_edges/10796.dat
0
6 2
103 53
102 167
59 12
51 161
64 50
72 97

10713
/tmpVisionPJ/train_edges/10713.dat
0
6 2
86 36
88 164
69 10
41 155
51 61
50 97

10437
/tmpVisionPJ/train_edges/10437.dat
0
6 2
79 38
81 166
33 10
36 180
33 55
35 84

10409
/tmpVisionPJ/train_edges/10409.dat
0
6 2
77 43
78 168
51 5
24 161
25 28
34 92

10501
/tmpVisionPJ/train_edges/10501.dat
0
6 2
77 44
80 158
39 18
31 149
30 31
40 89

10124
/tmpVisionPJ/train_edges/10124.dat
0
6 2
101 51
105 180
67 14
50 175
37 64
40 98

10031
/tmpVisionPJ/train_edges/10031.dat
0
6 2
91 44
90 180
29 16
38 183
38 59
42 93

10733
/tmpVisionPJ/train_edges/10733.dat
0
6 2
100 47
99 168
61 23
55 172
42 61
56 86

10162
/tmpVisionPJ/train_edges/10162.dat
0
6 2
113 55
112 191
91 20
60 179
68 48
77 110

10680
/tmpVisionPJ/train_edges/10680.dat
0
6 2
102 46
107 159
61 28
63 157
57 42
58 90

10163
/tmpVisionPJ/train_edges/10163.dat
0
6 2
91 53
98 182
68 22
47 175
51 45
60 106

10505
/tmpVisionPJ/train_edges/10505.dat
0
6 2
87 42
95 162
53 11
34 167
33 24
45 82

10008
/tmpVisionPJ/train_edges/10008.dat
0
6 2
90 39
88 177
64 9
26 158
43 34
49 97

10042
/tmpVisionPJ/train_edges/10042.dat
0
6 2
131 53
131 191
75 30
63 163
72 57
71 128

10622
/tmpVisionPJ/train_edges/10622.dat
0
6 2
92 38
98 162
60 4
32 156
40 33
43 94

10591
/tmpVisionPJ/train_edges/10591.dat
0
6 2
102 43
105 164
66 16
58 165
47 27
62 84

10593
/tmpVisionPJ/train_edges/10593.dat
0
6 2
109 45
109 145
66 35
59 141
53 55
58 93

10153
/tmpVisionPJ/train_edges/10153.dat
0
6 2
124 65
126 203
67 46
78 212
62 50
77 113

10360
/tmpVisionPJ/train_edges/10360.dat
0
6 2
103 38
102 172
77 6
54 160
55 33
66 95

10628
/tmpVisionPJ/train_edges/10628.dat
0
6 2
92 38
93 164
54 13
45 154
38 20
45 83

10159
/tmpVisionPJ/train_edges/10159.dat
0
6 2
91 47
92 172
70 11
43 160
47 38
58 94

10567
/tmpVisionPJ/train_edges/10567.dat
0
6 2
70 30
76 161
53 1
25 153
40 40
39 83

10208
/tmpVisionPJ/train_edges/10208.dat
0
6 2
125 66
128 212
97 35
76 188
82 63
90 119

10152
/tmpVisionPJ/train_edges/10152.dat
0
6 2
108 32
110 160
54 12
47 140
46 41
43 103

10480
/tmpVisionPJ/train_edges/10480.dat
0
6 2
92 38
94 164
46 17
41 158
30 19
48 84

10451
/tmpVisionPJ/train_edges/10451.dat
0
6 2
78 39
79 163
34 12
39 178
33 55
37 84

10242
/tmpVisionPJ/train_edges/10242.dat
0
6 2
127 65
121 195
95 33
76 176
80 50
89 118

10305
/tmpVisionPJ/train_edges/10305.dat
0
6 2
106 59
106 193
80 26
56 172
61 50
71 110

10472
/tmpVisionPJ/train_edges/10472.dat
0
6 2
84 36
84 172
53 7
36 154
40 29
49 87

10193
/tmpVisionPJ/train_edges/10193.dat
0
6 2
127 69
126 216
100 48
70 187
83 67
92 129

10120
/tmpVisionPJ/train_edges/10120.dat
0
6 2
95 44
93 176
41 37
36 145
29 46
46 92

10665
/tmpVisionPJ/train_edges/10665.dat
0
6 2
76 35
88 160
35 11
30 139
28 50
33 83

10330
/tmpVisionPJ/train_edges/10330.dat
0
6 2
133 60
135 204
76 31
76 204
72 48
78 112

10166
/tmpVisionPJ/train_edges/10166.dat
0
6 2
116 87
112 215
95 49
60 205
66 76
76 141

10021
/tmpVisionPJ/train_edges/10021.dat
0
6 2
94 39
91 172
71 5
37 152
55 27
54 86

10300
/tmpVisionPJ/train_edges/10300.dat
0
6 2
114 70
119 193
93 37
73 190
68 69
73 131

10118
/tmpVisionPJ/train_edges/10118.dat
0
6 2
91 41
88 176
42 30
19 154
33 33
36 99

10346
/tmpVisionPJ/train_edges/10346.dat
0
6 2
69 53
87 167
22 38
38 173
17 45
33 89

10489
/tmpVisionPJ/train_edges/10489.dat
0
6 2
87 34
89 171
38 11
40 179
33 50
39 81

10099
/tmpVisionPJ/train_edges/10099.dat
0
6 2
101 30
105 179
80 7
61 156
77 49
73 85

10718
/tmpVisionPJ/train_edges/10718.dat
0
6 2
113 38
114 168
77 12
64 160
59 52
68 85

10486
/tmpVisionPJ/train_edges/10486.dat
0
6 2
85 40
86 171
55 7
37 184
33 54
37 85

10625
/tmpVisionPJ/train_edges/10625.dat
0
6 2
118 53
109 191
93 23
60 164
81 45
78 106

10533
/tmpVisionPJ/train_edges/10533.dat
0
6 2
133 37
138 162
93 8
88 162
82 19
86 79

10386
/tmpVisionPJ/train_edges/10386.dat
0
6 2
111 47
112 177
68 13
55 162
56 33
65 93

10324
/tmpVisionPJ/train_edges/10324.dat
0
6 2
130 65
129 200
109 34
80 184
99 55
103 114

10470
/tmpVisionPJ/train_edges/10470.dat
0
6 2
81 40
85 164
29 15
39 172
25 28
36 89

10541
/tmpVisionPJ/train_edges/10541.dat
0
6 2
99 35
95 155
49 17
43 149
49 36
46 89

10532
/tmpVisionPJ/train_edges/10532.dat
0
6 2
102 50
102 171
69 6
58 165
62 44
67 98

10194
/tmpVisionPJ/train_edges/10194.dat
0
6 2
120 40
119 174
100 6
74 159
79 34
89 100

10463
/tmpVisionPJ/train_edges/10463.dat
0
6 2
90 36
88 164
29 13
28 143
30 39
26 103

10568
/tmpVisionPJ/train_edges/10568.dat
0
6 2
96 38
98 170
59 2
45 156
50 30
54 92

10685
/tmpVisionPJ/train_edges/10685.dat
0
6 2
137 42
145 165
121 19
94 163
96 42
105 92

10314
/tmpVisionPJ/train_edges/10314.dat
0
6 2
109 48
110 185
86 19
60 164
65 40
75 97

10171
/tmpVisionPJ/train_edges/10171.dat
0
6 2
120 48
127 182
100 16
71 164
77 45
84 102

10429
/tmpVisionPJ/train_edges/10429.dat
0
6 2
81 43
81 159
36 19
26 141
29 51
26 109

10347
/tmpVisionPJ/train_edges/10347.dat
0
6 2
60 42
72 168
42 9
25 165
14 60
26 109

10364
/tmpVisionPJ/train_edges/10364.dat
0
6 2
117 46
119 180
94 10
62 165
69 35
72 98

10158
/tmpVisionPJ/train_edges/10158.dat
0
6 2
105 54
104 183
77 12
49 173
56 37
65 100

10500
/tmpVisionPJ/train_edges/10500.dat
0
6 2
91 37
92 167
54 8
36 150
43 25
46 84

10485
/tmpVisionPJ/train_edges/10485.dat
0
6 2
83 40
85 167
53 7
36 180
32 55
36 85

10661
/tmpVisionPJ/train_edges/10661.dat
0
6 2
90 33
94 174
32 9
37 176
38 52
43 81

10764
/tmpVisionPJ/train_edges/10764.dat
0
6 2
89 40
83 166
59 7
36 163
43 72
45 103

10725
/tmpVisionPJ/train_edges/10725.dat
0
6 2
112 40
113 171
68 15
62 164
58 54
65 86

10588
/tmpVisionPJ/train_edges/10588.dat
0
6 2
83 38
84 165
56 13
29 145
38 27
41 81

10406
/tmpVisionPJ/train_edges/10406.dat
0
6 2
69 37
68 159
39 9
15 144
34 58
28 86

10553
/tmpVisionPJ/train_edges/10553.dat
0
6 2
95 48
100 165
84 19
60 154
60 42
69 96

10336
/tmpVisionPJ/train_edges/10336.dat
0
6 2
100 36
94 165
76 8
46 145
61 26
67 82

10291
/tmpVisionPJ/train_edges/10291.dat
0
6 2
101 30
92 178
66 3
42 171
54 20
61 92

10624
/tmpVisionPJ/train_edges/10624.dat
0
6 2
115 54
113 192
84 33
67 175
88 75
85 108

10476
/tmpVisionPJ/train_edges/10476.dat
0
6 2
100 34
98 164
34 11
32 133
34 42
34 102

10783
/tmpVisionPJ/train_edges/10783.dat
0
6 2
79 44
80 167
47 11
30 156
31 40
37 91

10207
/tmpVisionPJ/train_edges/10207.dat
0
6 2
96 43
96 177
72 13
43 155
52 36
58 97

10181
/tmpVisionPJ/train_edges/10181.dat
0
6 2
88 43
88 173
64 8
36 165
38 38
52 101

10474
/tmpVisionPJ/train_edges/10474.dat
0
6 2
89 34
86 164
25 11
24 139
28 48
26 111

10557
/tmpVisionPJ/train_edges/10557.dat
0
6 2
130 71
133 205
103 47
83 192
93 70
96 128

10709
/tmpVisionPJ/train_edges/10709.dat
0
6 2
92 33
95 153
68 6
46 149
56 57
57 90

10762
/tmpVisionPJ/train_edges/10762.dat
0
6 2
96 37
93 160
69 14
38 148
59 56
60 87

10499
/tmpVisionPJ/train_edges/10499.dat
0
6 2
88 35
85 162
49 5
29 146
37 32
39 83

10457
/tmpVisionPJ/train_edges/10457.dat
0
6 2
76 44
76 168
57 12
35 154
34 39
45 96

10145
/tmpVisionPJ/train_edges/10145.dat
0
6 2
56 49
59 158
41 24
24 154
28 48
29 86

10621
/tmpVisionPJ/train_edges/10621.dat
0
6 2
89 44
92 156
71 14
43 157
52 48
48 97

10607
/tmpVisionPJ/train_edges/10607.dat
0
6 2
96 35
100 159
41 16
38 137
42 42
36 100

10091
/tmpVisionPJ/train_edges/10091.dat
0
6 2
87 25
87 169
44 11
29 151
38 33
44 67

10221
/tmpVisionPJ/train_edges/10221.dat
0
6 2
91 56
98 156
54 32
55 157
44 47
52 92

10599
/tmpVisionPJ/train_edges/10599.dat
0
6 2
106 21
104 178
78 16
49 131
77 25
78 68

10025
/tmpVisionPJ/train_edges/10025.dat
0
6 2
93 40
91 174
32 13
40 177
29 29
40 89

10294
/tmpVisionPJ/train_edges/10294.dat
0
6 2
138 81
139 218
109 53
87 196
95 97
100 135

10765
/tmpVisionPJ/train_edges/10765.dat
0
6 2
95 47
82 164
77 12
32 149
50 64
52 95

10372
/tmpVisionPJ/train_edges/10372.dat
0
6 2
77 28
86 149
51 3
30 124
32 21
50 70

10606
/tmpVisionPJ/train_edges/10606.dat
0
6 2
118 42
116 163
60 18
58 146
61 49
61 106

10667
/tmpVisionPJ/train_edges/10667.dat
0
6 2
64 37
64 165
20 13
15 145
18 35
21 55

10055
/tmpVisionPJ/train_edges/10055.dat
0
6 2
131 54
127 187
63 33
64 161
67 61
63 120

10646
/tmpVisionPJ/train_edges/10646.dat
0
6 2
90 35
99 154
47 4
39 160
25 25
38 76

10175
/tmpVisionPJ/train_edges/10175.dat
0
6 2
95 59
101 202
69 31
38 182
50 56
56 116

10229
/tmpVisionPJ/train_edges/10229.dat
0
6 2
131 92
134 224
111 61
91 211
91 86
104 144

10556
/tmpVisionPJ/train_edges/10556.dat
0
6 2
117 58
125 187
98 30
74 176
77 56
81 112

10662
/tmpVisionPJ/train_edges/10662.dat
0
6 2
88 33
88 167
43 20
32 135
36 31
39 82

10638
/tmpVisionPJ/train_edges/10638.dat
0
6 2
72 29
74 168
48 10
29 145
29 52
25 82

10213
/tmpVisionPJ/train_edges/10213.dat
0
6 2
97 37
103 164
49 26
46 154
35 40
39 91

10356
/tmpVisionPJ/train_edges/10356.dat
0
6 2
90 29
87 177
66 7
41 156
50 41
48 99

10228
/tmpVisionPJ/train_edges/10228.dat
0
6 2
84 29
84 171
66 9
39 134
56 19
60 77

10367
/tmpVisionPJ/train_edges/10367.dat
0
6 2
129 112
129 259
97 81
73 237
80 106
86 168

10422
/tmpVisionPJ/train_edges/10422.dat
0
6 2
89 41
87 161
39 13
31 143
39 48
36 103

10670
/tmpVisionPJ/train_edges/10670.dat
0
6 2
82 33
91 159
39 12
40 162
23 25
40 76

10784
/tmpVisionPJ/train_edges/10784.dat
0
6 2
65 41
67 166
39 3
17 162
26 62
29 92

10677
/tmpVisionPJ/train_edges/10677.dat
0
6 2
83 30
91 164
43 10
39 155
36 31
40 82

10520
/tmpVisionPJ/train_edges/10520.dat
0
6 2
84 37
86 167
39 13
36 166
28 30
33 82

10199
/tmpVisionPJ/train_edges/10199.dat
0
6 2
95 36
96 168
49 2
35 155
39 16
40 82

10761
/tmpVisionPJ/train_edges/10761.dat
0
6 2
89 38
95 161
55 28
44 145
44 51
53 90

10448
/tmpVisionPJ/train_edges/10448.dat
0
6 2
87 38
90 167
57 4
41 155
45 27
53 87

10085
/tmpVisionPJ/train_edges/10085.dat
0
6 2
72 40
77 174
44 2
23 165
26 64
25 135

10198
/tmpVisionPJ/train_edges/10198.dat
0
6 2
90 37
93 168
37 10
37 171
30 24
44 83

10389
/tmpVisionPJ/train_edges/10389.dat
0
6 2
143 76
148 199
121 49
100 193
100 78
109 128

10656
/tmpVisionPJ/train_edges/10656.dat
0
6 2
84 33
81 165
45 11
27 152
39 30
39 84

10015
/tmpVisionPJ/train_edges/10015.dat
0
6 2
88 37
85 176
57 13
33 154
45 30
49 88

10627
/tmpVisionPJ/train_edges/10627.dat
0
6 2
89 32
90 166
42 12
34 169
40 47
42 74

10581
/tmpVisionPJ/train_edges/10581.dat
0
6 2
92 33
90 166
33 10
28 133
31 44
28 105

10518
/tmpVisionPJ/train_edges/10518.dat
0
6 2
91 46
95 159
44 16
51 161
36 51
51 78

10285
/tmpVisionPJ/train_edges/10285.dat
0
6 2
93 39
101 174
64 16
44 168
43 34
50 82

10381
/tmpVisionPJ/train_edges/10381.dat
0
6 2
139 62
140 187
116 31
93 168
100 58
107 111

10050
/tmpVisionPJ/train_edges/10050.dat
0
6 2
101 67
105 194
86 23
61 176
59 48
72 116

10164
/tmpVisionPJ/train_edges/10164.dat
0
6 2
83 31
81 161
50 26
20 152
50 53
48 81

10196
/tmpVisionPJ/train_edges/10196.dat
0
6 2
123 69
122 212
98 44
71 184
81 64
87 125

10230
/tmpVisionPJ/train_edges/10230.dat
0
6 2
126 81
137 214
75 54
75 220
72 72
79 132

10648
/tmpVisionPJ/train_edges/10648.dat
0
6 2
94 41
95 166
50 1
37 146
46 37
47 91

10587
/tmpVisionPJ/train_edges/10587.dat
0
6 2
86 28
81 162
28 12
20 136
22 38
21 99

10595
/tmpVisionPJ/train_edges/10595.dat
0
6 2
106 42
105 170
67 10
55 156
59 36
64 91

10793
/tmpVisionPJ/train_edges/10793.dat
0
6 2
86 32
86 171
54 6
37 148
35 21
53 71

10687
/tmpVisionPJ/train_edges/10687.dat
0
6 2
119 73
113 207
74 35
55 206
59 53
62 119

10542
/tmpVisionPJ/train_edges/10542.dat
0
6 2
85 57
84 171
38 45
36 164
45 75
49 90

10051
/tmpVisionPJ/train_edges/10051.dat
0
6 2
84 48
84 182
68 12
36 162
38 39
51 98

10261
/tmpVisionPJ/train_edges/10261.dat
0
6 2
95 50
100 183
74 20
46 158
54 49
61 102

10730
/tmpVisionPJ/train_edges/10730.dat
0
6 2
104 42
107 168
66 18
63 173
52 57
62 82

10027
/tmpVisionPJ/train_edges/10027.dat
0
6 2
127 52
125 183
79 33
61 164
71 61
67 122

10248
/tmpVisionPJ/train_edges/10248.dat
0
6 2
108 47
110 182
82 33
60 169
76 66
73 99

10030
/tmpVisionPJ/train_edges/10030.dat
0
6 2
128 60
133 197
64 36
73 198
75 77
80 110

10094
/tmpVisionPJ/train_edges/10094.dat
0
6 2
76 45
77 171
48 2
27 159
29 37
32 92

10471
/tmpVisionPJ/train_edges/10471.dat
0
6 2
82 41
84 166
29 12
39 177
24 26
35 90

10342
/tmpVisionPJ/train_edges/10342.dat
0
6 2
82 36
91 162
54 7
38 153
40 31
42 81

10039
/tmpVisionPJ/train_edges/10039.dat
0
6 2
131 55
126 190
65 25
60 158
69 53
61 126

10747
/tmpVisionPJ/train_edges/10747.dat
0
6 2
105 28
102 169
51 2
40 134
43 31
47 86

10026
/tmpVisionPJ/train_edges/10026.dat
0
6 2
149 89
152 215
97 63
93 209
84 78
97 130

10146
/tmpVisionPJ/train_edges/10146.dat
0
6 2
126 58
121 194
93 29
72 202
63 36
76 105

10111
/tmpVisionPJ/train_edges/10111.dat
0
6 2
76 40
86 175
51 9
27 165
38 66
39 94

10461
/tmpVisionPJ/train_edges/10461.dat
0
6 2
86 34
88 166
39 9
29 146
37 39
29 104

10492
/tmpVisionPJ/train_edges/10492.dat
0
6 2
83 33
81 168
44 15
31 144
35 28
44 85

10142
/tmpVisionPJ/train_edges/10142.dat
0
6 2
101 36
104 173
74 6
47 149
54 28
59 87

10566
/tmpVisionPJ/train_edges/10566.dat
0
6 2
86 34
90 163
63 10
48 155
49 32
59 90

10660
/tmpVisionPJ/train_edges/10660.dat
0
6 2
91 32
92 171
59 6
13 145
35 33
39 85

10131
/tmpVisionPJ/train_edges/10131.dat
0
6 2
90 46
83 185
52 20
28 177
41 56
43 91

10514
/tmpVisionPJ/train_edges/10514.dat
0
6 2
96 47
90 175
40 20
40 178
41 67
45 83

10763
/tmpVisionPJ/train_edges/10763.dat
0
6 2
95 30
93 167
69 3
31 148
58 52
55 88

10441
/tmpVisionPJ/train_edges/10441.dat
0
6 2
79 40
81 165
32 11
32 173
31 54
35 82

10769
/tmpVisionPJ/train_edges/10769.dat
0
6 2
105 41
109 180
65 9
50 169
52 22
63 84

10106
/tmpVisionPJ/train_edges/10106.dat
0
6 2
105 35
111 172
76 20
42 152
75 53
76 90

10535
/tmpVisionPJ/train_edges/10535.dat
0
6 2
83 34
85 166
32 3
41 171
30 45
40 76

10446
/tmpVisionPJ/train_edges/10446.dat
0
6 2
84 33
85 170
26 5
30 180
31 50
35 80

10573
/tmpVisionPJ/train_edges/10573.dat
0
6 2
82 26
91 155
52 22
44 141
53 33
58 80

10618
/tmpVisionPJ/train_edges/10618.dat
0
6 2
93 32
95 160
35 14
47 165
36 47
47 76

10002
/tmpVisionPJ/train_edges/10002.dat
0
6 2
104 46
102 178
80 16
53 171
60 40
60 104

10776
/tmpVisionPJ/train_edges/10776.dat
0
6 2
101 40
93 150
55 14
40 132
52 43
51 92

10191
/tmpVisionPJ/train_edges/10191.dat
0
6 2
117 39
118 169
97 6
73 156
79 33
88 98

10789
/tmpVisionPJ/train_edges/10789.dat
0
6 2
90 37
92 169
48 14
36 165
35 53
44 84

10188
/tmpVisionPJ/train_edges/10188.dat
0
6 2
131 65
139 194
117 43
81 187
101 80
101 115

10487
/tmpVisionPJ/train_edges/10487.dat
0
6 2
83 37
83 165
36 15
40 173
30 50
36 80

10265
/tmpVisionPJ/train_edges/10265.dat
0
6 2
83 46
90 161
52 27
41 159
48 41
50 88

10215
/tmpVisionPJ/train_edges/10215.dat
0
6 2
85 39
85 160
50 15
34 133
42 36
43 78

10192
/tmpVisionPJ/train_edges/10192.dat
0
6 2
92 42
94 176
38 25
35 141
38 48
35 105

10615
/tmpVisionPJ/train_edges/10615.dat
0
6 2
80 37
78 182
24 4
20 164
26 37
29 66

10509
/tmpVisionPJ/train_edges/10509.dat
0
6 2
119 67
119 203
87 36
62 184
68 59
70 124

10391
/tmpVisionPJ/train_edges/10391.dat
0
6 2
61 41
60 167
29 33
20 144
21 45
27 85

10379
/tmpVisionPJ/train_edges/10379.dat
0
6 2
138 71
142 191
111 44
90 187
98 70
101 122

10597
/tmpVisionPJ/train_edges/10597.dat
0
6 2
114 49
114 161
84 23
71 163
76 44
84 98

10455
/tmpVisionPJ/train_edges/10455.dat
0
6 2
75 42
74 169
55 11
29 154
32 36
43 95

10088
/tmpVisionPJ/train_edges/10088.dat
0
6 2
74 38
81 174
37 13
25 167
28 44
35 96

10318
/tmpVisionPJ/train_edges/10318.dat
0
6 2
113 32
102 165
49 11
39 140
48 36
42 104

10636
/tmpVisionPJ/train_edges/10636.dat
0
6 2
77 39
79 166
35 10
38 179
33 52
33 81

10710
/tmpVisionPJ/train_edges/10710.dat
0
6 2
90 22
93 160
61 7
26 141
48 47
50 85

10186
/tmpVisionPJ/train_edges/10186.dat
0
6 2
99 39
118 155
85 8
68 147
59 39
75 88

10303
/tmpVisionPJ/train_edges/10303.dat
0
6 2
108 62
114 191
61 26
67 205
56 59
62 124

10413
/tmpVisionPJ/train_edges/10413.dat
0
6 2
88 37
89 167
50 14
36 156
30 24
42 79

10623
/tmpVisionPJ/train_edges/10623.dat
0
6 2
133 103
133 244
96 71
73 220
78 86
85 153

10511
/tmpVisionPJ/train_edges/10511.dat
0
6 2
82 39
88 169
42 8
36 175
23 26
38 82

10490
/tmpVisionPJ/train_edges/10490.dat
0
6 2
83 34
82 165
55 6
33 141
36 32
45 83

10212
/tmpVisionPJ/train_edges/10212.dat
0
6 2
80 42
80 171
52 5
29 157
36 33
38 88

10138
/tmpVisionPJ/train_edges/10138.dat
0
6 2
125 66
123 200
102 35
75 195
79 62
84 126

10348
/tmpVisionPJ/train_edges/10348.dat
0
6 2
99 45
103 181
49 9
51 178
29 41
49 88

10087
/tmpVisionPJ/train_edges/10087.dat
0
6 2
77 43
75 171
59 12
31 167
28 60
38 109

10564
/tmpVisionPJ/train_edges/10564.dat
0
6 2
76 42
77 169
37 11
31 174
19 28
32 84

10029
/tmpVisionPJ/train_edges/10029.dat
0
6 2
94 36
95 174
33 11
48 179
41 51
46 86

10343
/tmpVisionPJ/train_edges/10343.dat
0
6 2
94 46
91 164
65 7
21 142
32 54
34 82

10185
/tmpVisionPJ/train_edges/10185.dat
0
6 2
86 54
94 169
69 25
54 167
53 45
55 104

10631
/tmpVisionPJ/train_edges/10631.dat
0
6 2
77 26
93 162
35 17
39 157
33 45
36 64

10544
/tmpVisionPJ/train_edges/10544.dat
0
6 2
91 43
87 157
37 29
23 133
37 51
33 103

10785
/tmpVisionPJ/train_edges/10785.dat
0
6 2
71 39
69 167
38 3
16 152
21 27
29 86

10768
/tmpVisionPJ/train_edges/10768.dat
0
6 2
86 34
87 167
49 5
34 156
37 43
42 85

10412
/tmpVisionPJ/train_edges/10412.dat
0
6 2
81 35
93 157
37 16
37 172
28 31
37 87

10717
/tmpVisionPJ/train_edges/10717.dat
0
6 2
113 38
114 167
74 14
64 175
53 47
64 81

10097
/tmpVisionPJ/train_edges/10097.dat
0
6 2
147 61
153 196
110 39
97 189
102 67
111 117

10612
/tmpVisionPJ/train_edges/10612.dat
0
6 2
120 34
119 167
82 19
65 141
73 38
74 86

10401
/tmpVisionPJ/train_edges/10401.dat
0
6 2
80 40
81 168
41 9
36 174
23 10
33 81

10454
/tmpVisionPJ/train_edges/10454.dat
0
6 2
84 35
82 163
53 11
35 139
38 33
47 83

10502
/tmpVisionPJ/train_edges/10502.dat
0
6 2
96 37
101 164
48 5
47 152
43 34
52 88

10483
/tmpVisionPJ/train_edges/10483.dat
0
6 2
81 41
83 168
53 6
34 181
30 55
34 84

10068
/tmpVisionPJ/train_edges/10068.dat
0
6 2
96 38
100 176
37 9
38 181
32 22
44 88

10494
/tmpVisionPJ/train_edges/10494.dat
0
6 2
90 35
92 166
46 14
37 160
34 23
46 83

10326
/tmpVisionPJ/train_edges/10326.dat
0
6 2
97 38
104 178
44 36
35 149
34 47
36 115

10241
/tmpVisionPJ/train_edges/10241.dat
0
6 2
107 42
110 179
77 11
52 160
62 38
67 100

10095
/tmpVisionPJ/train_edges/10095.dat
0
6 2
83 37
79 174
42 2
26 161
28 28
34 82

10778
/tmpVisionPJ/train_edges/10778.dat
0
6 2
83 32
84 166
38 11
33 166
38 32
38 56

10432
/tmpVisionPJ/train_edges/10432.dat
0
6 2
94 33
92 165
32 13
25 143
34 38
24 103

10053
/tmpVisionPJ/train_edges/10053.dat
0
6 2
84 36
84 174
53 5
36 156
41 25
52 88

10049
/tmpVisionPJ/train_edges/10049.dat
0
6 2
74 42
73 176
55 5
26 159
27 29
39 92

10122
/tmpVisionPJ/train_edges/10122.dat
0
6 2
89 52
90 179
51 14
42 170
41 47
50 103

10405
/tmpVisionPJ/train_edges/10405.dat
0
6 2
60 35
62 167
24 5
9 159
25 62
23 98

10529
/tmpVisionPJ/train_edges/10529.dat
0
6 2
92 36
95 169
43 10
44 160
36 19
43 84

10399
/tmpVisionPJ/train_edges/10399.dat
0
6 2
111 52
103 174
47 18
49 176
41 34
51 89

10690
/tmpVisionPJ/train_edges/10690.dat
0
6 2
86 32
88 169
41 9
34 156
35 23
39 84

10072
/tmpVisionPJ/train_edges/10072.dat
0
6 2
99 39
99 179
68 1
46 154
58 39
63 92

10527
/tmpVisionPJ/train_edges/10527.dat
0
6 2
85 37
85 172
47 8
34 172
34 27
38 83

10669
/tmpVisionPJ/train_edges/10669.dat
0
6 2
84 37
82 163
33 9
37 169
27 24
39 80

10154
/tmpVisionPJ/train_edges/10154.dat
0
6 2
84 50
85 152
53 23
41 146
43 46
51 94

10775
/tmpVisionPJ/train_edges/10775.dat
0
6 2
74 37
76 170
36 5
22 165
24 40
27 84

10546
/tmpVisionPJ/train_edges/10546.dat
0
6 2
96 43
91 157
50 24
37 139
45 50
45 100

10203
/tmpVisionPJ/train_edges/10203.dat
0
6 2
127 69
122 205
102 35
76 190
83 55
89 120

10387
/tmpVisionPJ/train_edges/10387.dat
0
6 2
104 39
102 163
75 10
49 151
59 29
62 86

10707
/tmpVisionPJ/train_edges/10707.dat
0
6 2
82 31
92 160
50 7
31 156
46 55
48 87

10466
/tmpVisionPJ/train_edges/10466.dat
0
6 2
82 39
84 166
28 13
40 175
24 26
35 89

10133
/tmpVisionPJ/train_edges/10133.dat
0
6 2
67 31
69 166
33 12
15 156
20 15
19 83

10672
/tmpVisionPJ/train_edges/10672.dat
0
6 2
111 37
112 167
60 9
27 146
46 47
51 97

10353
/tmpVisionPJ/train_edges/10353.dat
0
6 2
104 45
92 173
79 10
43 160
61 62
60 94

10640
/tmpVisionPJ/train_edges/10640.dat
0
6 2
118 19
109 171
76 6
51 145
54 12
66 77

10739
/tmpVisionPJ/train_edges/10739.dat
0
6 2
103 39
105 167
61 18
59 174
46 32
57 83

10693
/tmpVisionPJ/train_edges/10693.dat
0
6 2
99 27
101 166
46 17
42 158
41 32
44 78

10104
/tmpVisionPJ/train_edges/10104.dat
0
6 2
83 43
92 175
48 6
30 161
33 34
39 92

10603
/tmpVisionPJ/train_edges/10603.dat
0
6 2
115 39
113 165
65 10
54 146
65 44
62 104

10268
/tmpVisionPJ/train_edges/10268.dat
0
6 2
149 78
156 213
109 49
103 219
88 66
103 124

10328
/tmpVisionPJ/train_edges/10328.dat
0
6 2
106 57
106 181
83 26
62 186
65 55
62 125

10202
/tmpVisionPJ/train_edges/10202.dat
0
6 2
113 72
119 206
86 34
65 198
68 69
75 132

10570
/tmpVisionPJ/train_edges/10570.dat
0
6 2
80 45
79 166
43 11
22 158
29 71
32 98

10069
/tmpVisionPJ/train_edges/10069.dat
0
6 2
130 54
131 192
78 25
47 158
63 48
70 114

10397
/tmpVisionPJ/train_edges/10397.dat
0
6 2
113 40
113 167
64 10
62 169
53 24
64 82

10067
/tmpVisionPJ/train_edges/10067.dat
0
6 2
146 68
145 192
81 44
78 167
82 70
77 136

10781
/tmpVisionPJ/train_edges/10781.dat
0
6 2
93 59
91 189
40 32
39 187
40 50
36 112

10227
/tmpVisionPJ/train_edges/10227.dat
0
6 2
84 36
96 160
68 6
41 146
46 37
55 83

10380
/tmpVisionPJ/train_edges/10380.dat
0
6 2
143 104
144 217
130 62
101 193
102 86
114 143

10022
/tmpVisionPJ/train_edges/10022.dat
0
6 2
90 42
88 173
67 10
37 153
50 57
51 91

10174
/tmpVisionPJ/train_edges/10174.dat
0
6 2
110 39
114 182
85 8
62 153
66 39
73 98

10450
/tmpVisionPJ/train_edges/10450.dat
0
6 2
82 33
82 170
33 6
35 183
31 52
35 82

10331
/tmpVisionPJ/train_edges/10331.dat
0
6 2
96 31
105 159
46 7
42 165
40 20
44 73

10611
/tmpVisionPJ/train_edges/10611.dat
0
6 2
87 33
87 161
54 6
31 140
39 38
44 85

10301
/tmpVisionPJ/train_edges/10301.dat
0
6 2
133 52
132 186
112 23
79 165
96 49
93 101

10204
/tmpVisionPJ/train_edges/10204.dat
0
6 2
132 61
134 198
81 30
65 189
77 71
70 117

10293
/tmpVisionPJ/train_edges/10293.dat
0
6 2
82 54
75 170
66 19
34 159
42 47
51 99

10431
/tmpVisionPJ/train_edges/10431.dat
0
6 2
89 42
86 163
38 10
30 144
35 50
31 109

10167
/tmpVisionPJ/train_edges/10167.dat
0
6 2
90 38
96 168
82 3
49 160
45 33
60 95

10258
/tmpVisionPJ/train_edges/10258.dat
0
6 2
117 93
119 234
80 62
68 243
53 81
64 148

10632
/tmpVisionPJ/train_edges/10632.dat
0
6 2
76 44
76 159
50 14
36 146
40 34
48 88

10075
/tmpVisionPJ/train_edges/10075.dat
0
6 2
123 47
121 180
66 24
38 156
56 34
62 108

10149
/tmpVisionPJ/train_edges/10149.dat
0
6 2
114 59
117 182
96 27
68 174
79 56
78 112

10277
/tmpVisionPJ/train_edges/10277.dat
0
6 2
131 53
143 195
93 23
79 172
85 52
92 107

10469
/tmpVisionPJ/train_edges/10469.dat
0
6 2
83 36
86 167
28 7
39 178
23 22
35 88

10579
/tmpVisionPJ/train_edges/10579.dat
0
6 2
133 60
137 182
116 28
91 174
94 56
98 112

10467
/tmpVisionPJ/train_edges/10467.dat
0
6 2
86 34
87 171
27 5
38 179
23 21
34 86

10478
/tmpVisionPJ/train_edges/10478.dat
0
6 2
79 38
76 163
46 18
30 139
37 30
45 84

10366
/tmpVisionPJ/train_edges/10366.dat
0
6 2
93 45
116 158
72 14
56 155
57 43
60 94

10251
/tmpVisionPJ/train_edges/10251.dat
0
6 2
87 34
93 156
45 9
40 171
25 24
36 81

10057
/tmpVisionPJ/train_edges/10057.dat
0
6 2
120 51
120 186
58 32
56 162
60 62
57 120

10044
/tmpVisionPJ/train_edges/10044.dat
0
6 2
147 75
146 203
133 42
98 191
102 75
111 126

10543
/tmpVisionPJ/train_edges/10543.dat
0
6 2
89 45
84 158
32 31
21 137
34 54
29 107

10652
/tmpVisionPJ/train_edges/10652.dat
0
6 2
90 30
88 158
34 10
26 132
28 43
29 96

10112
/tmpVisionPJ/train_edges/10112.dat
0
6 2
90 42
86 173
68 7
27 159
50 64
50 94

10738
/tmpVisionPJ/train_edges/10738.dat
0
6 2
106 39
107 168
62 18
60 177
47 30
56 83

10156
/tmpVisionPJ/train_edges/10156.dat
0
6 2
132 65
135 195
101 38
83 180
85 55
88 131

10668
/tmpVisionPJ/train_edges/10668.dat
0
6 2
73 40
70 167
47 4
13 156
23 25
28 82

10270
/tmpVisionPJ/train_edges/10270.dat
0
6 2
101 51
106 181
79 19
57 171
56 48
64 109

10205
/tmpVisionPJ/train_edges/10205.dat
0
6 2
119 59
133 186
70 28
56 187
68 66
64 112

10423
/tmpVisionPJ/train_edges/10423.dat
0
6 2
86 38
86 161
38 11
26 138
32 48
27 106

10402
/tmpVisionPJ/train_edges/10402.dat
0
6 2
85 49
86 156
70 21
47 142
52 41
57 91

10273
/tmpVisionPJ/train_edges/10273.dat
0
6 2
106 51
108 171
68 8
55 165
55 33
56 99

10610
/tmpVisionPJ/train_edges/10610.dat
0
6 2
119 33
117 163
62 16
54 141
60 37
56 105

10675
/tmpVisionPJ/train_edges/10675.dat
0
6 2
99 35
100 172
55 2
37 160
46 30
50 91

10247
/tmpVisionPJ/train_edges/10247.dat
0
6 2
112 49
113 184
50 24
49 161
50 61
51 119

10398
/tmpVisionPJ/train_edges/10398.dat
0
6 2
109 35
111 169
72 9
59 166
50 20
65 80

10016
/tmpVisionPJ/train_edges/10016.dat
0
6 2
94 36
91 175
62 6
30 157
45 35
53 95

10663
/tmpVisionPJ/train_edges/10663.dat
0
6 2
114 26
130 160
50 7
48 136
50 40
54 104

10664
/tmpVisionPJ/train_edges/10664.dat
0
6 2
112 51
113 170
94 22
67 157
73 69
79 100

10349
/tmpVisionPJ/train_edges/10349.dat
0
6 2
110 67
117 193
73 29
69 204
65 61
69 124

10383
/tmpVisionPJ/train_edges/10383.dat
0
6 2
77 33
95 160
41 8
33 156
26 31
35 71

10019
/tmpVisionPJ/train_edges/10019.dat
0
6 2
93 42
91 179
66 9
34 157
49 32
50 92

10674
/tmpVisionPJ/train_edges/10674.dat
0
6 2
112 62
111 192
84 30
59 177
65 46
71 99

10400
/tmpVisionPJ/train_edges/10400.dat
0
6 2
84 37
84 172
53 6
32 158
39 32
42 89

10136
/tmpVisionPJ/train_edges/10136.dat
0
6 2
70 28
72 175
49 3
24 168
38 49
37 92

10238
/tmpVisionPJ/train_edges/10238.dat
0
6 2
121 58
128 199
69 39
69 189
65 51
69 109

10274
/tmpVisionPJ/train_edges/10274.dat
0
6 2
123 49
115 182
82 8
58 168
65 34
71 87

10121
/tmpVisionPJ/train_edges/10121.dat
0
6 2
90 46
91 173
50 6
36 164
37 32
47 88

10777
/tmpVisionPJ/train_edges/10777.dat
0
6 2
94 38
90 161
43 8
29 143
41 41
42 97

10036
/tmpVisionPJ/train_edges/10036.dat
0
6 2
80 43
80 178
60 7
30 164
36 36
43 97

10565
/tmpVisionPJ/train_edges/10565.dat
0
6 2
111 50
114 181
86 48
47 157
83 66
86 97

10253
/tmpVisionPJ/train_edges/10253.dat
0
6 2
109 44
118 172
76 18
63 159
64 42
70 95

10583
/tmpVisionPJ/train_edges/10583.dat
0
6 2
80 41
80 166
41 5
26 153
33 27
34 87

10322
/tmpVisionPJ/train_edges/10322.dat
0
6 2
113 23
114 170
66 18
57 148
59 25
70 83

10231
/tmpVisionPJ/train_edges/10231.dat
0
6 2
108 41
111 181
85 8
56 170
63 44
72 99

10102
/tmpVisionPJ/train_edges/10102.dat
0
6 2
108 36
115 167
82 4
58 156
61 31
70 92

10365
/tmpVisionPJ/train_edges/10365.dat
0
6 2
93 38
87 170
44 4
32 167
37 15
42 81

10278
/tmpVisionPJ/train_edges/10278.dat
0
6 2
123 72
117 198
83 24
74 190
76 67
85 120

10048
/tmpVisionPJ/train_edges/10048.dat
0
6 2
83 40
85 177
59 6
37 160
41 30
51 91

10223
/tmpVisionPJ/train_edges/10223.dat
0
6 2
124 60
115 188
73 24
64 183
65 45
74 99

10311
/tmpVisionPJ/train_edges/10311.dat
0
6 2
158 44
165 174
107 26
94 187
91 40
108 92

10105
/tmpVisionPJ/train_edges/10105.dat
0
6 2
91 45
93 178
54 7
36 161
41 39
45 94

10333
/tmpVisionPJ/train_edges/10333.dat
0
6 2
101 48
103 180
78 12
49 167
58 37
66 98

10604
/tmpVisionPJ/train_edges/10604.dat
0
6 2
100 36
99 157
41 20
32 137
41 41
39 95

10129
/tmpVisionPJ/train_edges/10129.dat
0
6 2
81 46
82 173
55 7
17 144
35 35
43 88

10201
/tmpVisionPJ/train_edges/10201.dat
0
6 2
110 43
122 181
86 31
62 156
76 39
82 96

10139
/tmpVisionPJ/train_edges/10139.dat
0
6 2
109 35
110 161
56 13
43 150
54 41
45 100

10653
/tmpVisionPJ/train_edges/10653.dat
0
6 2
69 46
64 171
25 30
14 173
9 48
19 93

10173
/tmpVisionPJ/train_edges/10173.dat
0
6 2
107 44
117 171
65 11
64 165
68 40
73 97

10407
/tmpVisionPJ/train_edges/10407.dat
0
6 2
63 38
65 170
34 8
12 155
27 62
25 92

10430
/tmpVisionPJ/train_edges/10430.dat
0
6 2
87 42
87 163
39 10
29 143
36 51
30 109

10375
/tmpVisionPJ/train_edges/10375.dat
0
6 2
133 84
138 219
122 54
87 204
92 80
103 140

10010
/tmpVisionPJ/train_edges/10010.dat
0
6 2
84 40
82 178
61 7
29 153
47 35
46 97

10078
/tmpVisionPJ/train_edges/10078.dat
0
6 2
140 86
149 219
86 67
98 233
85 108
93 135

10033
/tmpVisionPJ/train_edges/10033.dat
0
6 2
124 49
126 175
69 26
68 169
65 58
82 95

10428
/tmpVisionPJ/train_edges/10428.dat
0
6 2
82 44
82 160
33 20
27 140
29 52
25 108

10688
/tmpVisionPJ/train_edges/10688.dat
0
6 2
88 48
84 174
55 22
35 169
37 57
42 87

10759
/tmpVisionPJ/train_edges/10759.dat
0
6 2
83 45
86 173
41 11
30 179
28 36
31 92

10447
/tmpVisionPJ/train_edges/10447.dat
0
6 2
79 38
82 166
50 3
33 153
36 25
44 84

10237
/tmpVisionPJ/train_edges/10237.dat
0
6 2
110 70
124 197
72 48
74 189
61 52
66 116

10182
/tmpVisionPJ/train_edges/10182.dat
0
6 2
84 36
88 173
61 9
36 158
37 38
51 93

10419
/tmpVisionPJ/train_edges/10419.dat
0
6 2
84 41
87 166
32 16
39 173
27 30
39 82

10729
/tmpVisionPJ/train_edges/10729.dat
0
6 2
101 38
103 171
55 12
59 176
38 53
56 82

10151
/tmpVisionPJ/train_edges/10151.dat
0
6 2
94 24
91 174
69 7
46 155
65 47
63 81

10370
/tmpVisionPJ/train_edges/10370.dat
0
6 2
136 62
147 198
81 71
79 174
72 81
75 146

10172
/tmpVisionPJ/train_edges/10172.dat
0
6 2
101 44
109 193
65 47
58 170
65 56
67 116

10715
/tmpVisionPJ/train_edges/10715.dat
0
6 2
96 39
89 160
80 5
44 149
41 47
46 97

10462
/tmpVisionPJ/train_edges/10462.dat
0
6 2
86 37
86 165
42 10
30 146
38 39
32 104

10007
/tmpVisionPJ/train_edges/10007.dat
0
6 2
84 39
82 174
61 7
32 162
39 37
47 96

10766
/tmpVisionPJ/train_edges/10766.dat
0
6 2
88 42
86 163
73 9
30 146
51 64
51 98

10236
/tmpVisionPJ/train_edges/10236.dat
0
6 2
97 38
93 182
80 3
43 174
53 60
57 96

10537
/tmpVisionPJ/train_edges/10537.dat
0
6 2
103 40
111 165
72 8
50 147
57 18
64 73

10209
/tmpVisionPJ/train_edges/10209.dat
0
6 2
106 50
98 179
60 8
38 167
47 34
55 96

10235
/tmpVisionPJ/train_edges/10235.dat
0
6 2
140 83
132 220
113 55
80 201
94 92
96 131

10427
/tmpVisionPJ/train_edges/10427.dat
0
6 2
82 39
82 162
27 23
25 142
26 48
26 107

10115
/tmpVisionPJ/train_edges/10115.dat
0
6 2
95 32
98 164
33 15
30 141
33 45
30 110

10684
/tmpVisionPJ/train_edges/10684.dat
0
6 2
105 32
103 171
56 8
46 156
47 18
55 79

10384
/tmpVisionPJ/train_edges/10384.dat
0
6 2
74 39
77 160
34 15
23 148
26 27
33 71

10394
/tmpVisionPJ/train_edges/10394.dat
0
6 2
112 53
110 190
63 15
55 175
62 44
64 104

10035
/tmpVisionPJ/train_edges/10035.dat
0
6 2
108 60
110 189
95 20
62 174
69 49
75 113

10571
/tmpVisionPJ/train_edges/10571.dat
0
6 2
75 38
76 168
28 3
21 155
22 29
30 84

10408
/tmpVisionPJ/train_edges/10408.dat
0
6 2
66 31
65 166
21 28
15 152
6 39
21 78

10098
/tmpVisionPJ/train_edges/10098.dat
0
6 2
155 71
148 204
130 33
97 180
110 56
117 119

10746
/tmpVisionPJ/train_edges/10746.dat
0
6 2
119 28
118 171
95 4
76 148
90 47
87 86

10605
/tmpVisionPJ/train_edges/10605.dat
0
6 2
114 35
112 162
53 18
51 140
53 42
54 99

10417
/tmpVisionPJ/train_edges/10417.dat
0
6 2
87 41
88 164
37 14
40 170
32 27
43 81

10350
/tmpVisionPJ/train_edges/10350.dat
0
6 2
108 52
117 190
82 26
64 191
58 38
63 99

10719
/tmpVisionPJ/train_edges/10719.dat
0
6 2
111 38
113 168
72 12
64 159
69 52
74 97

10354
/tmpVisionPJ/train_edges/10354.dat
0
6 2
88 36
100 158
54 8
45 150
39 38
48 84

10179
/tmpVisionPJ/train_edges/10179.dat
0
6 2
103 27
95 173
77 12
51 139
73 39
67 84

10790
/tmpVisionPJ/train_edges/10790.dat
0
6 2
85 38
86 170
47 4
36 159
43 34
46 88

10695
/tmpVisionPJ/train_edges/10695.dat
0
6 2
76 38
76 168
28 18
23 157
22 35
28 93

10654
/tmpVisionPJ/train_edges/10654.dat
0
6 2
147 64
165 192
106 38
104 202
90 87
97 102

10744
/tmpVisionPJ/train_edges/10744.dat
0
6 2
87 45
89 163
39 17
48 169
37 57
45 85

10290
/tmpVisionPJ/train_edges/10290.dat
0
6 2
102 48
103 188
43 21
49 186
38 33
54 94

10787
/tmpVisionPJ/train_edges/10787.dat
0
6 2
90 37
91 172
35 9
43 171
31 24
44 83

10004
/tmpVisionPJ/train_edges/10004.dat
0
6 2
97 56
96 177
75 28
52 171
55 59
56 114

10577
/tmpVisionPJ/train_edges/10577.dat
0
6 2
79 36
81 170
37 8
25 156
33 45
39 76

10284
/tmpVisionPJ/train_edges/10284.dat
0
6 2
102 40
121 182
69 20
57 171
53 43
70 101

10233
/tmpVisionPJ/train_edges/10233.dat
0
6 2
110 69
116 198
62 42
61 199
60 82
69 114

10382
/tmpVisionPJ/train_edges/10382.dat
0
6 2
139 63
143 191
96 32
82 187
86 47
92 106

10061
/tmpVisionPJ/train_edges/10061.dat
0
6 2
130 62
128 200
66 35
61 172
64 70
62 143

10332
/tmpVisionPJ/train_edges/10332.dat
0
6 2
113 68
121 211
67 43
73 217
51 87
66 113

10130
/tmpVisionPJ/train_edges/10130.dat
0
6 2
98 38
82 183
56 20
35 139
38 9
41 90

10493
/tmpVisionPJ/train_edges/10493.dat
0
6 2
84 38
84 171
53 8
37 154
41 30
49 86

10582
/tmpVisionPJ/train_edges/10582.dat
0
6 2
100 39
102 161
63 4
41 143
55 26
58 84

10046
/tmpVisionPJ/train_edges/10046.dat
0
6 2
145 55
142 195
95 22
63 182
78 65
82 118

10549
/tmpVisionPJ/train_edges/10549.dat
0
6 2
93 38
91 157
47 39
32 129
38 50
36 107

10403
/tmpVisionPJ/train_edges/10403.dat
0
6 2
95 42
97 161
70 20
56 150
64 57
65 87

10756
/tmpVisionPJ/train_edges/10756.dat
0
6 2
103 33
104 154
39 17
33 130
38 44
38 96

10740
/tmpVisionPJ/train_edges/10740.dat
0
6 2
110 41
113 171
67 10
65 177
53 30
65 89

10676
/tmpVisionPJ/train_edges/10676.dat
0
6 2
91 41
87 169
39 11
38 177
40 51
47 76

10393
/tmpVisionPJ/train_edges/10393.dat
0
6 2
76 36
76 168
52 6
34 150
37 17
35 75

10540
/tmpVisionPJ/train_edges/10540.dat
0
6 2
85 34
85 171
42 11
31 177
31 30
36 90

10701
/tmpVisionPJ/train_edges/10701.dat
0
6 2
110 58
112 191
61 27
58 194
53 46
65 103

10282
/tmpVisionPJ/train_edges/10282.dat
0
6 2
93 59
94 184
38 46
30 164
33 69
32 131

10320
/tmpVisionPJ/train_edges/10320.dat
0
6 2
100 57
99 181
60 10
52 176
56 56
62 107

